name: CUDA_ComLab_STA
channels:
  - defaults
dependencies:
  - attrs=26.1.0=py311h35db113_0
  - beautifulsoup4=4.14.3=py311haa95532_0
  - bleach=6.3.0=py311haa95532_0
  - bzip2=1.0.8=h2bbff1b_6
  - ca-certificates=2026.3.19=haa95532_0
  - defusedxml=0.7.1=pyhd3eb1b0_0
  - html5lib=1.1=pyhd3eb1b0_0
  - jinja2=3.1.6=py311haa95532_0
  - jsonschema=4.25.1=py311haa95532_0
  - jsonschema-specifications=2025.9.1=py311haa95532_0
  - jupyter_client=8.8.0=py311haa95532_0
  - jupyter_core=5.9.1=py311haa95532_0
  - jupyterlab_pygments=0.3.0=py311haa95532_0
  - libexpat=2.7.5=hd7fb8db_0
  - libffi=3.4.4=hd77b12b_1
  - libsodium=1.0.20=h83e8143_0
  - libzlib=1.3.1=h1c6eee0_1
  - mistune=3.1.2=py311haa95532_0
  - nbclient=0.10.4=py311haa95532_0
  - nbconvert-core=7.17.0=py311haa95532_0
  - nbconvert-pandoc=7.17.0=py311haa95532_0
  - nbformat=5.10.4=py311haa95532_0
  - openssl=3.5.6=hbb43b14_0
  - packaging=26.0=py311haa95532_0
  - pandoc=3.8=haa95532_0
  - pandocfilters=1.5.1=py311haa95532_0
  - pip=26.0.1=pyhc872135_1
  - platformdirs=4.9.4=py311haa95532_0
  - pygments=2.20.0=py311haa95532_0
  - python=3.11.15=h1044e36_0
  - python-dateutil=2.9.0post0=py311haa95532_2
  - python-fastjsonschema=2.21.2=py311haa95532_0
  - pywin32=311=py311h885b0b7_0
  - pyzmq=27.1.0=py311h7149c55_1
  - referencing=0.37.0=py311haa95532_0
  - rpds-py=0.28.0=py311h114bc41_0
  - setuptools=82.0.1=py311haa95532_0
  - six=1.17.0=py311haa95532_0
  - soupsieve=2.5=py311haa95532_0
  - sqlite=3.51.2=hee5a0db_0
  - tinycss2=1.4.0=py311haa95532_0
  - tk=8.6.15=hf199647_0
  - tornado=6.5.5=py311h1c6eee0_0
  - traitlets=5.14.3=py311haa95532_0
  - typing-extensions=4.15.0=py311haa95532_0
  - typing_extensions=4.15.0=py311haa95532_0
  - tzdata=2026a=he532380_0
  - ucrt=10.0.22621.0=haa95532_0
  - vc=14.3=h2df5915_10
  - vc14_runtime=14.44.35208=h4927774_10
  - vs2015_runtime=14.44.35208=ha6b5a95_10
  - webencodings=0.5.1=py311haa95532_1
  - wheel=0.46.3=py311haa95532_0
  - xz=5.8.2=h53af0af_0
  - zeromq=4.3.5=h6c54ac7_1
  - zlib=1.3.1=h1c6eee0_1
  - pip:
      - markupsafe==3.0.3
      - mpmath==1.3.0
      - networkx==3.6.1
      - numpy==2.4.3
      - pillow==12.1.1
      - sympy==1.13.1
      - torch==2.6.0+cu124
      - torchaudio==2.6.0+cu124
      - torchvision==0.21.0+cu124
