name: torch_gpu
channels:
  - defaults
dependencies:
  - asttokens=3.0.1=py311haa95532_0
  - bzip2=1.0.8=h2bbff1b_6
  - ca-certificates=2026.3.19=haa95532_0
  - colorama=0.4.6=py311haa95532_0
  - comm=0.2.3=py311haa95532_0
  - debugpy=1.8.16=py311h885b0b7_1
  - decorator=5.2.1=py311haa95532_0
  - executing=2.2.1=py311haa95532_0
  - ipykernel=7.2.0=py311h4442805_0
  - ipython=9.10.0=py311haa95532_0
  - ipython_pygments_lexers=1.1.1=py311haa95532_0
  - jedi=0.19.2=py311haa95532_0
  - jupyter_client=8.8.0=py311haa95532_0
  - jupyter_core=5.9.1=py311haa95532_0
  - libexpat=2.7.5=hd7fb8db_0
  - libffi=3.4.4=hd77b12b_1
  - libsodium=1.0.20=h83e8143_0
  - libzlib=1.3.1=h02ab6af_0
  - matplotlib-inline=0.2.1=py311haa95532_0
  - nest-asyncio=1.6.0=py311haa95532_0
  - openssl=3.5.5=hbb43b14_0
  - packaging=26.0=py311haa95532_0
  - parso=0.8.5=py311haa95532_0
  - pip=26.0.1=pyhc872135_1
  - platformdirs=4.9.4=py311haa95532_0
  - prompt-toolkit=3.0.52=py311haa95532_1
  - prompt_toolkit=3.0.52=hd3eb1b0_1
  - psutil=7.0.0=py311h02ab6af_1
  - pure_eval=0.2.3=py311haa95532_0
  - pygments=2.19.2=py311haa95532_0
  - python=3.11.15=h1044e36_0
  - python-dateutil=2.9.0post0=py311haa95532_2
  - pywin32=311=py311h885b0b7_0
  - pyzmq=27.1.0=py311h7149c55_1
  - setuptools=80.10.2=py311haa95532_0
  - six=1.17.0=py311haa95532_0
  - sqlite=3.51.2=hee5a0db_0
  - stack_data=0.6.3=py311haa95532_0
  - tk=8.6.15=hf199647_0
  - tornado=6.5.5=py311h1c6eee0_0
  - traitlets=5.14.3=py311haa95532_0
  - typing_extensions=4.15.0=py311haa95532_0
  - ucrt=10.0.22621.0=haa95532_0
  - vc=14.3=h2df5915_10
  - vc14_runtime=14.44.35208=h4927774_10
  - vs2015_runtime=14.44.35208=ha6b5a95_10
  - wcwidth=0.2.14=py311haa95532_0
  - wheel=0.46.3=py311haa95532_0
  - xz=5.8.2=h53af0af_0
  - zeromq=4.3.5=h6c54ac7_1
  - zlib=1.3.1=h02ab6af_0
  - pip:
      - aiohappyeyeballs==2.6.1
      - aiohttp==3.13.5
      - aiosignal==1.4.0
      - ale-py==0.11.2
      - anyio==4.13.0
      - attrs==26.1.0
      - certifi==2026.2.25
      - charset-normalizer==3.4.7
      - cloudpickle==3.1.2
      - contourpy==1.3.3
      - cycler==0.12.1
      - datasets==4.8.4
      - fonttools==4.62.1
      - frozenlist==1.8.0
      - h11==0.16.0
      - hf-xet==1.4.3
      - httpcore==1.0.9
      - httpx==0.28.1
      - huggingface-hub==1.11.0
      - idna==3.12
      - jinja2==3.1.6
      - kiwisolver==1.5.0
      - markdown-it-py==4.0.0
      - markupsafe==3.0.3
      - matplotlib==3.10.8
      - mdurl==0.1.2
      - mpmath==1.3.0
      - multidict==6.7.1
      - networkx==3.6.1
      - numpy==2.4.4
      - opencv-python==4.13.0.92
      - pandas==3.0.2
      - peft==0.19.1
      - pillow==12.2.0
      - propcache==0.4.1
      - pyparsing==3.3.2
      - pyyaml==6.0.3
      - requests==2.33.1
      - rich==15.0.0
      - transformers==5.5.4
      - tzdata==2026.1
      - urllib3==2.6.3
      - yarl==1.23.0
